0.000482082366943 0.000396966934204 
0.000303983688354 0.000384092330933 
0.00173807144165 0.00174784660339 
0.00827217102051 0.0132420063019 
0.0279269218445 0.0640211105347 
0.000400066375732 0.000280141830444 0.000277996063232 0.000245094299316 0.000186920166016 0.000180006027222 
0.000248908996582 0.000224113464355 0.000264883041382 0.000351905822754 0.00032901763916 0.000232934951782 
0.00173997879028 0.00177001953125 0.0014979839325 0.00195813179016 0.00138401985168 0.00160479545593 
0.00744199752808 0.0173239707947 0.0381720066071 0.0719339847565 0.106742858887 0.152100086212 
0.0260090827942 0.0700879096985 0.324265003204 0.648835897446 2.45852613449 5.47638988495 
0.0874638557434 0.251136064529 1.81484889984 4.32335090637 28.4398138523 70.5051090717 
